0.00 0.000000000000000
0.01 0.099995000166667
0.02 0.199980001333275
0.03 0.299955004499675
0.04 0.399920010665617
0.05 0.499875020830750
0.06 0.599820035994626
0.07 0.699755057156693
0.08 0.799680085316303
0.09 0.899595121472705
0.10 0.999500166625050
0.11 1.099395221772389
0.12 1.199280287913671
0.13 1.299155366047748
0.14 1.399020457173370
0.15 1.498875562289189
0.16 1.598720682393754
0.17 1.698555818485519
0.18 1.798380971562833
0.19 1.898196142623948
0.20 1.998001332667017
0.21 2.097796542690090
0.22 2.197581773691121
0.23 2.297357026667961
0.24 2.397122302618363
0.25 2.496877602539980
0.26 2.596622927430364
0.27 2.696358278286970
0.28 2.796083656107150
0.29 2.895799061888158
0.30 2.995504496627149
0.31 3.095199961321176
0.32 3.194885456967195
0.33 3.294560984562059
0.34 3.394226545102526
0.35 3.493882139585249
0.36 3.593527769006785
0.37 3.693163434363591
0.38 3.792789136652023
0.39 3.892404876868338
0.40 3.992010656008693
0.41 4.091606475069147
0.42 4.191192335045657
0.43 4.290768236934082
0.44 4.390334181730181
0.45 4.489890170429614
0.46 4.589436204027940
0.47 4.688972283520620
0.48 4.788498409903014
0.49 4.888014584170385
0.50 4.987520807317892
0.51 5.087017080340600
0.52 5.186503404233471
0.53 5.285979779991367
0.54 5.385446208609053
0.55 5.484902691081192
0.56 5.584349228402350
0.57 5.683785821566992
0.58 5.783212471569484
0.59 5.882629179404092
0.60 5.982035946064983
0.61 6.081432772546226
0.62 6.180819659841789
0.63 6.280196608945539
0.64 6.379563620851248
0.65 6.478920696552584
0.66 6.578267837043120
0.67 6.677605043316325
0.68 6.776932316365571
0.69 6.876249657184133
0.70 6.975557066765184
0.71 7.074854546101797
0.72 7.174142096186947
0.73 7.273419718013510
0.74 7.372687412574261
0.75 7.471945180861878
0.76 7.571193023868939
0.77 7.670430942587922
0.78 7.769658938011206
0.79 7.868877011131072
0.80 7.968085162939698
0.81 8.067283394429168
0.82 8.166471706591464
0.83 8.265650100418469
0.84 8.364818576901968
0.85 8.463977137033643
0.86 8.563125781805081
0.87 8.662264512207768
0.88 8.761393329233092
0.89 8.860512233872342
0.90 8.959621227116706
0.91 9.058720309957273
0.92 9.157809483385035
0.93 9.256888748390885
0.94 9.355958105965614
0.95 9.455017557099916
0.96 9.554067102784385
0.97 9.653106744009516
0.98 9.752136481765707
0.99 9.851156317043253
1.00 9.950166250832355
1.01 10.049166284123112
1.02 10.148156417905524
1.03 10.247136653169491
1.04 10.346106990904817
1.05 10.445067432101203
1.06 10.544017977748256
1.07 10.642958628835480
1.08 10.741889386352282
1.09 10.840810251287969
1.10 10.939721224631752
1.11 11.038622307372739
1.12 11.137513500499940
1.13 11.236394805002268
1.14 11.335266221868537
1.15 11.434127752087459
1.16 11.532979396647651
1.17 11.631821156537628
1.18 11.730653032745808
1.19 11.829475026260511
1.20 11.928287138069955
1.21 12.027089369162262
1.22 12.125881720525454
1.23 12.224664193147456
1.24 12.323436788016091
1.25 12.422199506119085
1.26 12.520952348444068
1.27 12.619695315978564
1.28 12.718428409710006
1.29 12.817151630625723
1.30 12.915864979712950
1.31 13.014568457958818
1.32 13.113262066350362
1.33 13.211945805874519
1.34 13.310619677518126
1.35 13.409283682267921
1.36 13.507937821110543
1.37 13.606582095032536
1.38 13.705216505020342
1.39 13.803841052060305
1.40 13.902455737138670
1.41 14.001060561241584
1.42 14.099655525355095
1.43 14.198240630465154
1.44 14.296815877557611
1.45 14.395381267618218
1.46 14.493936801632630
1.47 14.592482480586401
1.48 14.691018305464990
1.49 14.789544277253754
1.50 14.888060396937952
1.51 14.986566665502746
1.52 15.085063083933198
1.53 15.183549653214273
1.54 15.282026374330837
1.55 15.380493248267655
1.56 15.478950276009398
1.57 15.577397458540634
1.58 15.675834796845837
1.59 15.774262291909380
1.60 15.872679944715539
1.61 15.971087756248489
1.62 16.069485727492307
1.63 16.167873859430973
1.64 16.266252153048370
1.65 16.364620609328281
1.66 16.462979229254390
1.67 16.561328013810282
1.68 16.659666963979447
1.69 16.757996080745276
1.70 16.856315365091056
1.71 16.954624817999981
1.72 17.052924440455147
1.73 17.151214233439550
1.74 17.249494197936084
1.75 17.347764334927554
1.76 17.446024645396658
1.77 17.544275130326000
1.78 17.642515790698084
1.79 17.740746627495319
1.80 17.838967641700012
1.81 17.937178834294375
1.82 18.035380206260516
1.83 18.133571758580452
1.84 18.231753492236098
1.85 18.329925408209270
1.86 18.428087507481688
1.87 18.526239791034975
1.88 18.624382259850648
1.89 18.722514914910136
1.90 18.820637757194767
1.91 18.918750787685767
1.92 19.016854007364266
1.93 19.114947417211297
1.94 19.213031018207793
1.95 19.311104811334591
1.96 19.409168797572431
1.97 19.507222977901950
1.98 19.605267353303692
1.99 19.703301924758097
2.00 19.801326693245514
2.01 19.899341659746188
2.02 19.997346825240271
2.03 20.095342190707814
2.04 20.193327757128770
2.05 20.291303525482999
2.06 20.389269496750252
2.07 20.487225671910192
2.08 20.585172051942383
2.09 20.683108637826283
2.10 20.781035430541262
2.11 20.878952431066587
2.12 20.976859640381431
2.13 21.074757059464861
2.14 21.172644689295854
2.15 21.270522530853285
2.16 21.368390585115932
2.17 21.466248853062478
2.18 21.564097335671505
2.19 21.661936033921496
2.20 21.759764948790838
2.21 21.857584081257823
2.22 21.955393432300642
2.23 22.053193002897387
2.24 22.150982794026053
2.25 22.248762806664541
2.26 22.346533041790646
2.27 22.444293500382074
2.28 22.542044183416429
2.29 22.639785091871218
2.30 22.737516226723848
2.31 22.835237588951635
2.32 22.932949179531789
2.33 23.030650999441427
2.34 23.128343049657566
2.35 23.226025331157128
2.36 23.323697844916936
2.37 23.421360591913711
2.38 23.519013573124084
2.39 23.616656789524587
2.40 23.714290242091650
2.41 23.811913931801605
2.42 23.909527859630693
2.43 24.007132026555052
2.44 24.104726433550724
2.45 24.202311081593649
2.46 24.299885971659677
2.47 24.397451104724556
2.48 24.495006481763941
2.49 24.592552103753381
2.50 24.690087971668333
2.51 24.787614086484158
2.52 24.885130449176117
2.53 24.982637060719370
2.54 25.080133922088987
2.55 25.177621034259936
2.56 25.275098398207085
2.57 25.372566014905210
2.58 25.470023885328988
2.59 25.567472010452995
2.60 25.664910391251716
2.61 25.762339028699532
2.62 25.859757923770729
2.63 25.957167077439500
2.64 26.054566490679932
2.65 26.151956164466021
2.66 26.249336099771664
2.67 26.346706297570659
2.68 26.444066758836708
2.69 26.541417484543420
2.70 26.638758475664297
2.71 26.736089733172751
2.72 26.833411258042094
2.73 26.930723051245540
2.74 27.028025113756208
2.75 27.125317446547118
2.76 27.222600050591197
2.77 27.319872926861269
2.78 27.417136076330060
2.79 27.514389499970203
2.80 27.611633198754234
2.81 27.708867173654589
2.82 27.806091425643608
2.83 27.903305955693533
2.84 28.000510764776511
2.85 28.097705853864586
2.86 28.194891223929712
2.87 28.292066875943743
2.88 28.389232810878433
2.89 28.486389029705443
2.90 28.583535533396336
2.91 28.680672322922579
2.92 28.777799399255535
2.93 28.874916763366478
2.94 28.972024416226581
2.95 29.069122358806919
2.96 29.166210592078471
2.97 29.263289117012121
2.98 29.360357934578655
2.99 29.457417045748759
3.00 29.554466451493028
3.01 29.651506152781952
3.02 29.748536150585931
3.03 29.845556445875260
3.04 29.942567039620148
3.05 30.039567932790696
3.06 30.136559126356918
3.07 30.233540621288721
3.08 30.330512418555923
3.09 30.427474519128243
3.10 30.524426923975298
3.11 30.621369634066614
3.12 30.718302650371619
3.13 30.815225973859643
3.14 30.912139605499917
3.15 31.009043546261580
3.16 31.105937797113672
3.17 31.202822359025131
3.18 31.299697232964807
3.19 31.396562419901446
3.20 31.493417920803701
3.21 31.590263736640129
3.22 31.687099868379185
3.23 31.783926316989231
3.24 31.880743083438531
3.25 31.977550168695256
3.26 32.074347573727472
3.27 32.171135299503156
3.28 32.267913346990184
3.29 32.364681717156344
3.30 32.461440410969310
3.31 32.558189429396670
3.32 32.654928773405921
3.33 32.751658443964445
3.34 32.848378442039547
3.35 32.945088768598424
3.36 33.041789424608183
3.37 33.138480411035829
3.38 33.235161728848269
3.39 33.331833379012323
3.40 33.428495362494701
3.41 33.525147680262023
3.42 33.621790333280813
3.43 33.718423322517502
3.44 33.815046648938413
3.45 33.911660313509785
3.46 34.008264317197749
3.47 34.104858660968347
3.48 34.201443345787524
3.49 34.298018372621129
3.50 34.394583742434911
3.51 34.491139456194517
3.52 34.587685514865512
3.53 34.684221919413353
3.54 34.780748670803405
3.55 34.877265770000939
3.56 34.973773217971122
3.57 35.070271015679026
3.58 35.166759164089633
3.59 35.263237664167825
3.60 35.359706516878383
3.61 35.456165723186004
3.62 35.552615284055271
3.63 35.649055200450682
3.64 35.745485473336636
3.65 35.841906103677438
3.66 35.938317092437295
3.67 36.034718440580313
3.68 36.131110149070508
3.69 36.227492218871795
3.70 36.323864650947996
3.71 36.420227446262835
3.72 36.516580605779943
3.73 36.612924130462851
3.74 36.709258021274991
3.75 36.805582279179703
3.76 36.901896905140227
3.77 36.998201900119710
3.78 37.094497265081209
3.79 37.190783000987672
3.80 37.287059108801955
3.81 37.383325589486823
3.82 37.479582444004940
3.83 37.575829673318871
3.84 37.672067278391090
3.85 37.768295260183976
3.86 37.864513619659803
3.87 37.960722357780760
3.88 38.056921475508936
3.89 38.153110973806314
3.90 38.249290853634797
3.91 38.345461115956176
3.92 38.441621761732165
3.93 38.537772791924361
3.94 38.633914207494279
3.95 38.730046009403331
3.96 38.826168198612834
3.97 38.922280776084008
3.98 39.018383742777985
3.99 39.114477099655787
4.00 39.210560847678352
4.01 39.306634987806518
4.02 39.402699521001026
4.03 39.498754448222520
4.04 39.594799770431557
4.05 39.690835488588583
4.06 39.786861603653954
4.07 39.882878116587932
4.08 39.978885028350682
4.09 40.074882339902274
4.10 40.170870052202680
4.11 40.266848166211780
4.12 40.362816682889353
4.13 40.458775603195086
4.14 40.554724928088568
4.15 40.650664658529294
4.16 40.746594795476653
4.17 40.842515339889957
4.18 40.938426292728401
4.19 41.034327654951106
4.20 41.130219427517076
4.21 41.226101611385232
4.22 41.321974207514394
4.23 41.417837216863290
4.24 41.513690640390557
4.25 41.609534479054716
4.26 41.705368733814211
4.27 41.801193405627387
4.28 41.897008495452489
4.29 41.992814004247670
4.30 42.088609932970982
4.31 42.184396282580387
4.32 42.280173054033746
4.33 42.375940248288828
4.34 42.471697866303302
4.35 42.567445909034745
4.36 42.663184377440643
4.37 42.758913272478381
4.38 42.854632595105237
4.39 42.950342346278411
4.40 43.046042526955006
4.41 43.141733138092015
4.42 43.237414180646347
4.43 43.333085655574813
4.44 43.428747563834129
4.45 43.524399906380914
4.46 43.620042684171686
4.47 43.715675898162878
4.48 43.811299549310824
4.49 43.906913638571758
4.50 44.002518166901815
4.51 44.098113135257051
4.52 44.193698544593410
4.53 44.289274395866741
4.54 44.384840690032810
4.55 44.480397428047283
4.56 44.575944610865719
4.57 44.671482239443591
4.58 44.767010314736282
4.59 44.862528837699067
4.60 44.958037809287127
4.61 45.053537230455561
4.62 45.149027102159359
4.63 45.244507425353419
4.64 45.339978200992547
4.65 45.435439430031451
4.66 45.530891113424737
4.67 45.626333252126926
4.68 45.721765847092442
4.69 45.817188899275607
4.70 45.912602409630651
4.71 46.008006379111713
4.72 46.103400808672831
4.73 46.198785699267951
4.74 46.294161051850921
4.75 46.389526867375494
4.76 46.484883146795326
4.77 46.580229891063979
4.78 46.675567101134924
4.79 46.770894777961530
4.80 46.866212922497077
4.81 46.961521535694750
4.82 47.056820618507629
4.83 47.152110171888708
4.84 47.247390196790882
4.85 47.342660694166945
4.86 47.437921664969608
4.87 47.533173110151481
4.88 47.628415030665074
4.89 47.723647427462815
4.90 47.818870301497022
4.91 47.914083653719921
4.92 48.009287485083647
4.93 48.104481796540242
4.94 48.199666589041648
4.95 48.294841863539709
4.96 48.390007620986182
4.97 48.485163862332726
4.98 48.580310588530899
4.99 48.675447800532169
5.00 48.770575499287908
5.01 48.865693685749392
5.02 48.960802360867810
5.03 49.055901525594244
5.04 49.150991180879686
5.05 49.246071327675025
5.06 49.341141966931076
5.07 49.436203099598536
5.08 49.531254726628021
5.09 49.626296848970043
5.10 49.721329467575025
5.11 49.816352583393297
5.12 49.911366197375081
5.13 50.006370310470523
5.14 50.101364923629660
5.15 50.196350037802439
5.16 50.291325653938706
5.17 50.386291772988223
5.18 50.481248395900650
5.19 50.576195523625557
5.20 50.671133157112408
5.21 50.766061297310586
5.22 50.860979945169369
5.23 50.955889101637943
5.24 51.050788767665402
5.25 51.145678944200739
5.26 51.240559632192856
5.27 51.335430832590561
5.28 51.430292546342564
5.29 51.525144774397489
5.30 51.619987517703855
5.31 51.714820777210086
5.32 51.809644553864516
5.33 51.904458848615384
5.34 51.999263662410833
5.35 52.094058996198910
5.36 52.188844850927573
5.37 52.283621227544671
5.38 52.378388126997976
5.39 52.473145550235152
5.40 52.567893498203780
5.41 52.662631971851333
5.42 52.757360972125198
5.43 52.852080499972665
5.44 52.946790556340929
5.45 53.041491142177087
5.46 53.136182258428150
5.47 53.230863906041030
5.48 53.325536085962540
5.49 53.420198799139406
5.50 53.514852046518250
5.51 53.609495829045606
5.52 53.704130147667911
5.53 53.798755003331507
5.54 53.893370396982647
5.55 53.987976329567488
5.56 54.082572802032082
5.57 54.177159815322398
5.58 54.271737370384301
5.59 54.366305468163574
5.60 54.460864109605893
5.61 54.555413295656841
5.62 54.649953027261915
5.63 54.744483305366515
5.64 54.839004130915939
5.65 54.933515504855393
5.66 55.028017428129999
5.67 55.122509901684772
5.68 55.216992926464634
5.69 55.311466503414415
5.70 55.405930633478853
5.71 55.500385317602593
5.72 55.594830556730173
5.73 55.689266351806054
5.74 55.783692703774591
5.75 55.878109613580044
5.76 55.972517082166590
5.77 56.066915110478298
5.78 56.161303699459147
5.79 56.255682850053027
5.80 56.350052563203725
5.81 56.444412839854941
5.82 56.538763680950282
5.83 56.633105087433250
5.84 56.727437060247262
5.85 56.821759600335632
5.86 56.916072708641593
5.87 57.010376386108270
5.88 57.104670633678708
5.89 57.198955452295841
5.90 57.293230842902524
5.91 57.387496806441504
5.92 57.481753343855445
5.93 57.576000456086909
5.94 57.670238144078375
5.95 57.764466408772215
5.96 57.858685251110707
5.97 57.952894672036045
5.98 58.047094672490324
5.99 58.141285253415539
6.00 58.235466415753599
6.01 58.329638160446315
6.02 58.423800488435404
6.03 58.517953400662492
6.04 58.612096898069105
6.05 58.706230981596683
6.06 58.800355652186560
6.07 58.894470910779987
6.08 58.988576758318111
6.09 59.082673195741997
6.10 59.176760223992609
6.11 59.270837844010813
6.12 59.364906056737389
6.13 59.458964863113017
6.14 59.553014264078286
6.15 59.647054260573690
6.16 59.741084853539625
6.17 59.835106043916404
6.18 59.929117832644238
6.19 60.023120220663237
6.20 60.117113208913437
6.21 60.211096798334758
6.22 60.305070989867041
6.23 60.399035784450028
6.24 60.492991183023364
6.25 60.586937186526605
6.26 60.680873795899210
6.27 60.774801012080545
6.28 60.868718836009876
6.29 60.962627268626392
6.30 61.056526310869174
6.31 61.150415963677212
6.32 61.244296227989402
6.33 61.338167104744542
6.34 61.432028594881345
6.35 61.525880699338430
6.36 61.619723419054310
6.37 61.713556754967421
6.38 61.807380708016090
6.39 61.901195279138555
6.40 61.995000469272966
6.41 62.088796279357375
6.42 62.182582710329740
6.43 62.276359763127921
6.44 62.370127438689693
6.45 62.463885737952729
6.46 62.557634661854621
6.47 62.651374211332850
6.48 62.745104387324815
6.49 62.838825190767814
6.50 62.932536622599059
6.51 63.026238683755658
6.52 63.119931375174637
6.53 63.213614697792920
6.54 63.307288652547342
6.55 63.400953240374648
6.56 63.494608462211474
6.57 63.588254318994380
6.58 63.681890811659819
6.59 63.775517941144159
6.60 63.869135708383673
6.61 63.962744114314539
6.62 64.056343159872839
6.63 64.149932845994556
6.64 64.243513173615597
6.65 64.337084143671760
6.66 64.430645757098759
6.67 64.524198014832209
6.68 64.617740917807623
6.69 64.711274466960447
6.70 64.804798663226009
6.71 64.898313507539541
6.72 64.991819000836202
6.73 65.085315144051052
6.74 65.178801938119037
6.75 65.272279383975032
6.76 65.365747482553815
6.77 65.459206234790074
6.78 65.552655641618387
6.79 65.646095703973245
6.80 65.739526422789055
6.81 65.832947799000124
6.82 65.926359833540658
6.83 66.019762527344781
6.84 66.113155881346529
6.85 66.206539896479825
6.86 66.299914573678507
6.87 66.393279913876327
6.88 66.486635918006940
6.89 66.579982587003897
6.90 66.673319921800683
6.91 66.766647923330652
6.92 66.859966592527101
6.93 66.953275930323201
6.94 67.046575937652051
6.95 67.139866615446664
6.96 67.233147964639926
6.97 67.326419986164666
6.98 67.419682680953599
6.99 67.512936049939341
7.00 67.606180094054437
7.01 67.699414814231332
7.02 67.792640211402372
7.03 67.885856286499802
7.04 67.979063040455785
7.05 68.072260474202395
7.06 68.165448588671595
7.07 68.258627384795275
7.08 68.351796863505228
7.09 68.444957025733132
7.10 68.538107872410606
7.11 68.631249404469145
7.12 68.724381622840170
7.13 68.817504528455004
7.14 68.910618122244884
7.15 69.003722405140934
7.16 69.096817378074192
7.17 69.189903041975626
7.18 69.282979397776074
7.19 69.376046446406306
7.20 69.469104188797004
7.21 69.562152625878738
7.22 69.655191758581992
7.23 69.748221587837151
7.24 69.841242114574513
7.25 69.934253339724293
7.26 70.027255264216592
7.27 70.120247888981439
7.28 70.213231214948763
7.29 70.306205243048396
7.30 70.399169974210068
7.31 70.492125409363425
7.32 70.585071549438027
7.33 70.678008395363349
7.34 70.770935948068740
7.35 70.863854208483488
7.36 70.956763177536772
7.37 71.049662856157681
7.38 71.142553245275209
7.39 71.235434345818263
7.40 71.328306158715648
7.41 71.421168684896088
7.42 71.514021925288205
7.43 71.606865880820536
7.44 71.699700552421518
7.45 71.792525941019491
7.46 71.885342047542721
7.47 71.978148872919363
7.48 72.070946418077483
7.49 72.163734683945066
7.50 72.256513671449980
7.51 72.349283381520024
7.52 72.442043815082897
7.53 72.534794973066198
7.54 72.627536856397441
7.55 72.720269466004041
7.56 72.812992802813341
7.57 72.905706867752556
7.58 72.998411661748833
7.59 73.091107185729214
7.60 73.183793440620661
7.61 73.276470427350034
7.62 73.369138146844108
7.63 73.461796600029558
7.64 73.554445787832961
7.65 73.647085711180807
7.66 73.739716370999517
7.67 73.832337768215382
7.68 73.924949903754609
7.69 74.017552778543333
7.70 74.110146393507577
7.71 74.202730749573277
7.72 74.295305847666270
7.73 74.387871688712323
7.74 74.480428273637074
7.75 74.572975603366103
7.76 74.665513678824880
7.77 74.758042500938785
7.78 74.850562070633117
7.79 74.943072388833059
7.80 75.035573456463709
7.81 75.128065274450094
7.82 75.220547843717114
7.83 75.313021165189610
7.84 75.405485239792313
7.85 75.497940068449864
7.86 75.590385652086809
7.87 75.682821991627591
7.88 75.775249087996585
7.89 75.867666942118063
7.90 75.960075554916202
7.91 76.052474927315089
7.92 76.144865060238729
7.93 76.237245954611012
7.94 76.329617611355744
7.95 76.421980031396643
7.96 76.514333215657331
7.97 76.606677165061342
7.98 76.699011880532126
7.99 76.791337362993019
8.00 76.883653613367272
8.01 76.975960632578051
8.02 77.068258421548435
8.03 77.160546981201392
8.04 77.252826312459817
8.05 77.345096416246491
8.06 77.437357293484126
8.07 77.529608945095319
8.08 77.621851372002595
8.09 77.714084575128382
8.10 77.806308555395006
8.11 77.898523313724709
8.12 77.990728851039634
8.13 78.082925168261838
8.14 78.175112266313292
8.15 78.267290146115855
8.16 78.359458808591313
8.17 78.451618254661355
8.18 78.543768485247568
8.19 78.635909501271456
8.20 78.728041303654436
8.21 78.820163893317826
8.22 78.912277271182845
8.23 79.004381438170626
8.24 79.096476395202217
8.25 79.188562143198567
8.26 79.280638683080525
8.27 79.372706015768870
8.28 79.464764142184265
8.29 79.556813063247290
8.30 79.648852779878439
8.31 79.740883292998106
8.32 79.832904603526600
8.33 79.924916712384132
8.34 80.016919620490825
8.35 80.108913328766704
8.36 80.200897838131709
8.37 80.292873149505681
8.38 80.384839263808374
8.39 80.476796181959457
8.40 80.568743904878502
8.41 80.660682433484979
8.42 80.752611768698273
8.43 80.844531911437670
8.44 80.936442862622386
8.45 81.028344623171520
8.46 81.120237194004090
8.47 81.212120576039027
8.48 81.303994770195160
8.49 81.395859777391237
8.50 81.487715598545904
8.51 81.579562234577708
8.52 81.671399686405138
8.53 81.763227954946558
8.54 81.855047041120244
8.55 81.946856945844388
8.56 82.038657670037097
8.57 82.130449214616377
8.58 82.222231580500136
8.59 82.314004768606210
8.60 82.405768779852323
8.61 82.497523615156112
8.62 82.589269275435129
8.63 82.681005761606826
8.64 82.772733074588587
8.65 82.864451215297663
8.66 82.956160184651239
8.67 83.047859983566411
8.68 83.139550612960178
8.69 83.231232073749439
8.70 83.322904366851020
8.71 83.414567493181636
8.72 83.506221453657915
8.73 83.597866249196400
8.74 83.689501880713550
8.75 83.781128349125709
8.76 83.872745655349135
8.77 83.964353800300017
8.78 84.055952784894430
8.79 84.147542610048362
8.80 84.239123276677716
8.81 84.330694785698299
8.82 84.422257138025813
8.83 84.513810334575894
8.84 84.605354376264074
8.85 84.696889264005790
8.86 84.788414998716391
8.87 84.879931581311126
8.88 84.971439012705176
8.89 85.062937293813604
8.90 85.154426425551392
8.91 85.245906408833449
8.92 85.337377244574554
8.93 85.428838933689434
8.94 85.520291477092684
8.95 85.611734875698843
8.96 85.703169130422353
8.97 85.794594242177538
8.98 85.886010211878656
8.99 85.977417040439875
9.00 86.068814728775251
9.01 86.160203277798772
9.02 86.251582688424321
9.03 86.342952961565686
9.04 86.434314098136568
9.05 86.525666099050582
9.06 86.617008965221260
9.07 86.708342697562017
9.08 86.799667296986186
9.09 86.890982764407028
9.10 86.982289100737688
9.11 87.073586306891229
9.12 87.164874383780628
9.13 87.256153332318760
9.14 87.347423153418418
9.15 87.438683847992294
9.16 87.529935416953009
9.17 87.621177861213070
9.18 87.712411181684899
9.19 87.803635379280834
9.20 87.894850454913112
9.21 87.986056409493884
9.22 88.077253243935218
9.23 88.168440959149081
9.24 88.259619556047340
9.25 88.350789035541794
9.26 88.441949398544125
9.27 88.533100645965945
9.28 88.624242778718767
9.29 88.715375797714003
9.30 88.806499703862997
9.31 88.897614498076976
9.32 88.988720181267098
9.33 89.079816754344407
9.34 89.170904218219874
9.35 89.261982573804374
9.36 89.353051822008695
9.37 89.444111963743524
9.38 89.535162999919464
9.39 89.626204931447035
9.40 89.717237759236639
9.41 89.808261484198624
9.42 89.899276107243210
9.43 89.990281629280545
9.44 90.081278051220693
9.45 90.172265373973616
9.46 90.263243598449179
9.47 90.354212725557176
9.48 90.445172756207285
9.49 90.536123691309115
9.50 90.627065531772175
9.51 90.717998278505888
9.52 90.808921932419580
9.53 90.899836494422473
9.54 90.990741965423737
9.55 91.081638346332412
9.56 91.172525638057451
9.57 91.263403841507738
9.58 91.354272957592059
9.59 91.445132987219111
9.60 91.535983931297480
9.61 91.626825790735680
9.62 91.717658566442125
9.63 91.808482259325160
9.64 91.899296870293000
9.65 91.990102400253804
9.66 92.080898850115631
9.67 92.171686220786427
9.68 92.262464513174081
9.69 92.353233728186382
9.70 92.443993866731006
9.71 92.534744929715558
9.72 92.625486918047557
9.73 92.716219832634422
9.74 92.806943674383476
9.75 92.897658444201952
9.76 92.988364142997014
9.77 93.079060771675699
9.78 93.169748331144987
9.79 93.260426822311757
9.80 93.351096246082790
9.81 93.441756603364766
9.82 93.532407895064310
9.83 93.623050122087918
9.84 93.713683285342029
9.85 93.804307385732955
9.86 93.894922424166950
9.87 93.985528401550170
9.88 94.076125318788655
9.89 94.166713176788392
9.90 94.257291976455249
9.91 94.347861718695015
9.92 94.438422404413402
9.93 94.528974034515997
9.94 94.619516609908331
9.95 94.710050131495819
9.96 94.800574600183808
9.97 94.891090016877527
9.98 94.981596382482138
9.99 95.072093697902702
10.00 95.162581964044207
